0 4
1 7
2 2
3 2
4 5
5 5
6 1
7 4
8 4
9 1
10 4
11 3
12 5
13 6
14 4
15 4
16 2
17 4
18 4
19 4
20 1
21 2
22 3
23 5
24 2
25 1
26 4
27 5
28 4
29 7
30 6
31 4
32 6
33 4
34 2
35 2
36 4
37 2
38 3
39 2
40 1
41 5
42 3
43 4
44 6
45 2
46 4
47 6
48 5
49 6
50 6
51 5
52 1
53 3
54 1
55 3
56 1
57 2
58 4
59 4
60 2
61 6
62 5
63 2
64 6
65 3
66 6
67 5
68 4
69 6
70 1
71 5
72 4
73 2
74 5
75 6
76 5
77 4
78 1
79 1
80 4
81 5
82 2
83 4
84 5
85 2
86 7
87 7
88 1
89 1
90 4
91 4
92 2
93 5
94 5
95 5
96 6
97 4
98 1
99 5
100 3
101 4
102 4
103 2
104 4
105 5
106 7
107 5
108 5
109 1
110 4
111 4
112 4
113 4
114 1
115 5
116 6
117 5
118 2
119 7
120 3
121 4
122 4
123 4
124 4
125 4
126 5
127 4
128 2
129 3
130 1
131 5
132 2
133 4
134 4
135 7
136 7
137 5
138 5
139 3
140 1
141 3
142 4
143 4
144 4
145 3
146 4
147 6
148 2
149 6
150 6
151 1
152 4
153 4
154 4
155 5
156 7
157 1
158 7
159 1
160 4
161 5
162 2
163 3
164 1
165 7
166 6
167 2
168 3
169 4
170 5
171 1
172 6
173 2
174 4
175 4
176 7
177 1
178 7
179 4
180 4
181 1
182 5
183 6
184 7
185 5
186 2
187 4
188 3
189 3
190 4
191 3
192 4
193 4
194 4
195 7
196 7
197 2
198 4
199 1
200 4
201 4
202 4
203 4
204 4
205 4
206 4
207 4
208 1
209 3
210 2
211 5
212 4
213 2
214 4
215 6
216 7
217 4
218 5
219 3
220 2
221 6
222 6
223 7
224 7
225 6
226 4
227 1
228 3
229 4
230 4
231 6
232 4
233 4
234 4
235 4
236 6
237 3
238 4
239 2
240 3
241 4
242 1
243 3
244 4
245 6
246 5
247 2
248 5
249 7
250 5
251 1
252 2
253 4
254 4
255 1
256 6
257 4
258 4
259 6
260 5
261 4
262 6
263 4
264 1
265 3
266 6
267 1
268 4
269 4
270 5
271 4
272 4
273 3
274 2
275 5
276 5
277 2
278 5
279 5
280 5
281 2
282 4
283 4
284 6
285 6
286 7
287 1
288 6
289 6
290 3
291 4
292 5
293 4
294 2
295 2
296 1
297 4
298 2
299 1
300 6
301 4
302 7
303 6
304 4
305 2
306 2
307 7
308 1
309 3
310 4
311 4
312 5
313 6
314 7
315 4
316 7
317 1
318 6
319 1
320 4
321 2
322 1
323 1
324 5
325 5
326 5
327 5
328 4
329 3
330 4
331 4
332 5
333 2
334 1
335 7
336 4
337 4
338 4
339 5
340 4
341 4
342 5
343 3
344 7
345 5
346 4
347 5
348 7
349 4
350 4
351 4
352 5
353 4
354 4
355 4
356 4
357 3
358 5
359 4
360 4
361 3
362 4
363 4
364 4
365 4
366 4
367 2
368 4
369 4
370 2
371 5
372 3
373 7
374 2
375 1
376 5
377 4
378 1
379 7
380 3
381 1
382 1
383 4
384 4
385 2
386 4
387 4
388 4
389 5
390 3
391 4
392 5
393 4
394 4
395 3
396 7
397 4
398 5
399 4
400 1
401 5
402 3
403 3
404 4
405 4
406 4
407 4
408 4
409 4
410 2
411 4
412 2
413 4
414 6
415 3
416 5
417 7
418 1
419 5
420 4
421 1
422 3
423 5
424 1
425 2
426 7
427 4
428 7
429 5
430 1
431 1
432 7
433 7
434 6
435 4
436 1
437 4
438 1
439 4
440 2
441 6
442 5
443 4
444 4
445 6
446 2
447 4
448 3
449 6
450 5
451 2
452 5
453 1
454 6
455 2
456 1
457 6
458 4
459 1
460 2
461 4
462 4
463 2
464 5
465 2
466 2
467 5
468 5
469 4
470 6
471 2
472 2
473 2
474 4
475 3
476 4
477 2
478 6
479 6
480 4
481 1
482 6
483 2
484 5
485 5
486 6
487 4
488 1
489 4
490 2
491 5
492 2
493 3
494 4
495 5
496 4
497 1
498 5
499 5
500 2
501 4
502 2
503 4
504 4
505 4
506 2
507 1
508 1
509 7
510 5
511 5
512 4
513 5
514 1
515 5
516 4
517 1
518 1
519 4
520 4
521 7
522 1
523 3
524 4
525 1
526 4
527 4
528 4
529 4
530 3
531 4
532 5
533 5
534 6
535 1
536 4
537 3
538 3
539 6
540 6
541 6
542 4
543 6
544 4
545 4
546 3
547 4
548 2
549 1
550 1
551 2
552 2
553 4
554 2
555 1
556 1
557 5
558 5
559 2
560 1
561 4
562 2
563 2
564 2
565 2
566 2
567 2
568 2
569 1
570 4
571 1
572 4
573 5
574 1
575 2
576 4
577 5
578 6
579 4
580 6
581 6
582 6
583 6
584 5
585 7
586 4
587 4
588 2
589 4
590 4
591 1
592 4
593 6
594 6
595 4
596 1
597 7
598 7
599 4
600 4
601 2
602 3
603 6
604 4
605 4
606 3
607 4
608 4
609 4
610 4
611 4
612 6
613 4
614 1
615 1
616 4
617 4
618 1
619 5
620 4
621 2
622 4
623 5
624 1
625 4
626 4
627 4
628 4
629 6
630 4
631 4
632 5
633 2
634 6
635 1
636 2
637 5
638 1
639 5
640 1
641 5
642 5
643 6
644 2
645 5
646 5
647 5
648 4
649 6
650 2
651 4
652 7
653 2
654 7
655 4
656 2
657 2
658 3
659 4
660 1
661 5
662 4
663 4
664 4
665 4
666 4
667 4
668 4
669 7
670 6
671 2
672 1
673 4
674 4
675 7
676 4
677 4
678 4
679 6
680 4
681 3
682 2
683 6
684 5
685 4
686 6
687 4
688 2
689 3
690 6
691 2
692 1
693 4
694 4
695 1
696 4
697 5
698 4
699 2
700 1
701 4
702 4
703 4
704 5
705 4
706 1
707 7
708 4
709 4
710 1
711 5
712 3
713 5
714 3
715 5
716 4
717 3
718 4
719 4
720 4
721 3
722 1
723 5
724 4
725 5
726 4
727 3
728 3
729 5
730 4
731 4
732 1
733 2
734 2
735 7
736 4
737 4
738 2
739 2
740 1
741 4
742 5
743 3
744 3
745 4
746 4
747 4
748 5
749 2
750 2
751 4
752 6
753 4
754 4
755 3
756 7
757 3
758 3
759 5
760 6
761 1
762 1
763 4
764 3
765 3
766 4
767 1
768 5
769 3
770 4
771 4
772 5
773 2
774 4
775 2
776 5
777 5
778 1
779 4
780 3
781 3
782 4
783 6
784 4
785 6
786 1
787 5
788 5
789 3
790 1
791 1
792 1
793 3
794 1
795 1
796 4
797 4
798 1
799 6
800 3
801 6
802 5
803 3
804 2
805 4
806 6
807 2
808 4
809 4
810 4
811 3
812 4
813 3
814 4
815 3
816 4
817 6
818 6
819 6
820 4
821 4
822 1
823 4
824 6
825 6
826 4
827 5
828 4
829 4
830 4
831 6
832 4
833 3
834 4
835 6
836 1
837 7
838 5
839 4
840 4
841 5
842 2
843 2
844 3
845 4
846 3
847 1
848 1
849 7
850 5
851 5
852 5
853 1
854 3
855 5
856 3
857 6
858 6
859 1
860 3
861 1
862 6
863 4
864 4
865 1
866 4
867 4
868 2
869 5
870 2
871 5
872 4
873 4
874 4
875 2
876 1
877 7
878 4
879 2
880 3
881 4
882 2
883 6
884 1
885 1
886 4
887 1
888 5
889 5
890 4
891 5
892 5
893 7
894 5
895 5
896 5
897 5
898 5
899 4
900 3
901 6
902 3
903 1
904 5
905 5
906 4
907 4
908 4
909 5
910 3
911 1
912 4
913 5
914 4
915 5
916 4
917 5
918 4
919 4
920 4
921 4
922 6
923 6
924 1
925 4
926 1
927 6
928 6
929 5
930 4
931 1
932 1
933 2
934 3
935 3
936 2
937 6
938 3
939 4
940 3
941 3
942 3
943 3
944 5
945 5
946 4
947 6
948 4
949 4
950 5
951 6
952 5
953 3
954 5
955 1
956 3
957 1
958 3
959 3
960 7
961 3
962 4
963 7
964 3
965 3
966 3
967 1
968 4
969 5
970 3
971 5
972 3
973 5
974 3
975 4
976 5
977 1
978 4
979 4
980 4
981 6
982 3
983 6
984 6
985 5
986 6
987 5
988 2
989 4
990 4
991 6
992 6
993 5
994 6
995 3
996 5
997 7
998 5
999 5
1000 1
1001 6
1002 6
1003 1
1004 1
1005 4
1006 1
1007 7
1008 7
1009 3
1010 7
1011 7
1012 2
1013 5
1014 4
1015 5
1016 3
1017 4
1018 3
1019 1
1020 5
1021 4
1022 4
1023 4
1024 1
1025 1
1026 1
1027 1
1028 4
1029 5
1030 3
1031 4
1032 1
1033 6
1034 3
1035 3
1036 3
1037 4
1038 4
1039 6
1040 6
1041 4
1042 4
1043 4
1044 4
1045 2
1046 6
1047 6
1048 6
1049 7
1050 1
1051 4
1052 4
1053 1
1054 3
1055 4
1056 4
1057 4
1058 4
1059 4
1060 3
1061 7
1062 1
1063 3
1064 5
1065 3
1066 4
1067 4
1068 4
1069 3
1070 3
1071 7
1072 4
1073 7
1074 1
1075 4
1076 5
1077 3
1078 5
1079 4
1080 4
1081 7
1082 7
1083 5
1084 6
1085 7
1086 5
1087 5
1088 4
1089 6
1090 4
1091 4
1092 1
1093 4
1094 4
1095 1
1096 3
1097 5
1098 3
1099 3
1100 4
1101 6
1102 7
1103 4
1104 1
1105 1
1106 3
1107 6
1108 5
1109 1
1110 3
1111 6
1112 4
1113 3
1114 3
1115 4
1116 4
1117 3
1118 4
1119 4
1120 4
1121 6
1122 6
1123 6
1124 1
1125 6
1126 6
1127 3
1128 5
1129 4
1130 3
1131 3
1132 1
1133 5
1134 3
1135 1
1136 3
1137 2
1138 6
1139 3
1140 3
1141 5
1142 3
1143 3
1144 4
1145 4
1146 4
1147 5
1148 6
1149 4
1150 4
1151 7
1152 6
1153 3
1154 6
1155 6
1156 5
1157 4
1158 5
1159 3
1160 1
1161 1
1162 5
1163 6
1164 1
1165 7
1166 1
1167 3
1168 5
1169 4
1170 1
1171 4
1172 5
1173 1
1174 1
1175 3
1176 4
1177 7
1178 3
1179 4
1180 7
1181 1
1182 7
1183 2
1184 3
1185 1
1186 5
1187 1
1188 4
1189 1
1190 4
1191 1
1192 2
1193 2
1194 6
1195 4
1196 4
1197 1
1198 1
1199 1
1200 4
1201 5
1202 2
1203 4
1204 3
1205 3
1206 3
1207 3
1208 7
1209 6
1210 6
1211 4
1212 6
1213 2
1214 6
1215 6
1216 3
1217 2
1218 3
1219 3
1220 4
1221 3
1222 4
1223 1
1224 3
1225 3
1226 7
1227 1
1228 2
1229 4
1230 3
1231 3
1232 3
1233 6
1234 7
1235 1
1236 1
1237 1
1238 1
1239 4
1240 5
1241 5
1242 4
1243 4
1244 7
1245 4
1246 4
1247 4
1248 6
1249 3
1250 4
1251 4
1252 4
1253 2
1254 4
1255 5
1256 7
1257 3
1258 4
1259 7
1260 1
1261 3
1262 4
1263 6
1264 3
1265 4
1266 4
1267 1
1268 5
1269 1
1270 1
1271 7
1272 4
1273 1
1274 3
1275 7
1276 5
1277 3
1278 6
1279 3
1280 1
1281 4
1282 4
1283 4
1284 4
1285 4
1286 3
1287 5
1288 5
1289 4
1290 1
1291 5
1292 7
1293 4
1294 5
1295 4
1296 1
1297 7
1298 4
1299 3
1300 4
1301 7
1302 6
1303 3
1304 6
1305 3
1306 1
1307 4
1308 5
1309 1
1310 1
1311 3
1312 7
1313 4
1314 2
1315 4
1316 2
1317 6
1318 4
1319 3
1320 4
1321 4
1322 1
1323 4
1324 5
1325 3
1326 5
1327 7
1328 4
1329 1
1330 3
1331 3
1332 3
1333 3
1334 3
1335 5
1336 5
1337 1
1338 5
1339 1
1340 4
1341 4
1342 4
1343 1
1344 6
1345 6
1346 4
1347 5
1348 6
1349 2
1350 6
1351 3
1352 4
1353 3
1354 6
1355 6
1356 4
1357 5
1358 1
1359 4
1360 1
1361 1
1362 3
1363 1
1364 1
1365 4
1366 4
1367 6
1368 6
1369 3
1370 7
1371 3
1372 5
1373 4
1374 4
1375 5
1376 2
1377 6
1378 2
1379 3
1380 3
1381 5
1382 4
1383 4
1384 4
1385 6
1386 1
1387 4
1388 1
1389 4
1390 1
1391 3
1392 3
1393 5
1394 4
1395 3
1396 3
1397 5
1398 4
1399 4
1400 1
1401 6
1402 4
1403 5
1404 3
1405 4
1406 4
1407 6
1408 3
1409 3
1410 3
1411 4
1412 6
1413 6
1414 5
1415 5
1416 6
1417 4
1418 4
1419 5
1420 6
1421 4
1422 4
1423 4
1424 3
1425 5
1426 6
1427 5
1428 7
1429 7
1430 4
1431 4
1432 3
1433 1
1434 7
1435 4
1436 5
1437 5
1438 2
1439 3
1440 2
1441 3
1442 7
1443 2
1444 1
1445 7
1446 4
1447 2
1448 6
1449 1
1450 4
1451 4
1452 4
1453 6
1454 4
1455 3
1456 1
1457 4
1458 5
1459 2
1460 1
1461 4
1462 4
1463 5
1464 4
1465 6
1466 3
1467 3
1468 1
1469 1
1470 4
1471 4
1472 4
1473 3
1474 3
1475 6
1476 3
1477 4
1478 5
1479 5
1480 4
1481 3
1482 1
1483 6
1484 1
1485 4
1486 7
1487 4
1488 4
1489 7
1490 4
1491 1
1492 1
1493 4
1494 4
1495 3
1496 6
1497 6
1498 6
1499 4
1500 1
1501 4
1502 5
1503 5
1504 5
1505 1
1506 5
1507 5
1508 4
1509 4
1510 1
1511 4
1512 5
1513 6
1514 1
1515 2
1516 3
1517 4
1518 3
1519 7
1520 4
1521 1
1522 1
1523 3
1524 4
1525 5
1526 4
1527 5
1528 7
1529 2
1530 3
1531 6
1532 5
1533 3
1534 6
1535 6
1536 3
1537 6
1538 4
1539 7
1540 2
1541 3
1542 6
1543 5
1544 3
1545 5
1546 2
1547 4
1548 5
1549 5
1550 1
1551 4
1552 6
1553 6
1554 6
1555 5
1556 6
1557 2
1558 3
1559 4
1560 2
1561 1
1562 4
1563 3
1564 4
1565 3
1566 1
1567 1
1568 6
1569 7
1570 6
1571 3
1572 3
1573 2
1574 6
1575 3
1576 1
1577 3
1578 7
1579 4
1580 3
1581 2
1582 5
1583 4
1584 6
1585 2
1586 1
1587 7
1588 3
1589 2
1590 3
1591 4
1592 4
1593 5
1594 3
1595 1
1596 7
1597 6
1598 3
1599 2
1600 4
1601 4
1602 5
1603 3
1604 4
1605 1
1606 4
1607 1
1608 5
1609 7
1610 4
1611 3
1612 4
1613 5
1614 5
1615 4
1616 2
1617 6
1618 1
1619 5
1620 7
1621 6
1622 7
1623 4
1624 5
1625 2
1626 6
1627 7
1628 3
1629 4
1630 4
1631 3
1632 2
1633 4
1634 4
1635 6
1636 6
1637 4
1638 3
1639 4
1640 6
1641 5
1642 6
1643 2
1644 4
1645 4
1646 3
1647 1
1648 6
1649 2
1650 3
1651 7
1652 4
1653 6
1654 5
1655 4
1656 4
1657 4
1658 1
1659 4
1660 5
1661 1
1662 3
1663 3
1664 4
1665 6
1666 5
1667 4
1668 4
1669 1
1670 3
1671 1
1672 4
1673 3
1674 6
1675 3
1676 4
1677 4
1678 1
1679 7
1680 6
1681 5
1682 5
1683 1
1684 7
1685 3
1686 7
1687 2
1688 3
1689 3
1690 3
1691 3
1692 1
1693 2
1694 3
1695 6
1696 3
1697 4
1698 6
1699 6
1700 4
1701 4
1702 1
1703 2
1704 4
1705 1
1706 6
1707 6
1708 1
1709 4
1710 4
1711 2
1712 1
1713 5
1714 5
1715 3
1716 5
1717 3
1718 4
1719 3
1720 7
1721 7
1722 5
1723 5
1724 4
1725 4
1726 7
1727 1
1728 3
1729 3
1730 3
1731 5
1732 4
1733 5
1734 3
1735 6
1736 3
1737 3
1738 3
1739 1
1740 3
1741 2
1742 5
1743 3
1744 4
1745 3
1746 4
1747 5
1748 1
1749 5
1750 7
1751 4
1752 6
1753 4
1754 2
1755 4
1756 3
1757 5
1758 2
1759 5
1760 4
1761 5
1762 1
1763 4
1764 5
1765 5
1766 4
1767 2
1768 2
1769 3
1770 4
1771 3
1772 4
1773 4
1774 4
1775 3
1776 7
1777 5
1778 4
1779 2
1780 2
1781 7
1782 2
1783 5
1784 3
1785 3
1786 1
1787 4
1788 4
1789 4
1790 3
1791 2
1792 1
1793 4
1794 4
1795 4
1796 3
1797 3
1798 4
1799 3
1800 5
1801 4
1802 5
1803 5
1804 6
1805 6
1806 4
1807 3
1808 1
1809 6
1810 4
1811 4
1812 4
1813 4
1814 4
1815 4
1816 2
1817 4
1818 4
1819 7
1820 4
1821 4
1822 4
1823 1
1824 1
1825 4
1826 3
1827 1
1828 2
1829 5
1830 6
1831 3
1832 3
1833 1
1834 3
1835 1
1836 3
1837 7
1838 5
1839 3
1840 3
1841 2
1842 5
1843 6
1844 2
1845 2
1846 4
1847 4
1848 1
1849 7
1850 3
1851 4
1852 5
1853 1
1854 6
1855 6
1856 5
1857 5
1858 1
1859 2
1860 6
1861 1
1862 1
1863 1
1864 6
1865 4
1866 4
1867 4
1868 5
1869 4
1870 5
1871 4
1872 3
1873 4
1874 4
1875 1
1876 5
1877 6
1878 3
1879 4
1880 3
1881 7
1882 6
1883 3
1884 4
1885 4
1886 4
1887 4
1888 1
1889 4
1890 3
1891 4
1892 6
1893 4
1894 5
1895 4
1896 4
1897 1
1898 5
1899 5
1900 5
1901 5
1902 4
1903 4
1904 6
1905 3
1906 5
1907 5
1908 5
1909 5
1910 5
1911 3
1912 4
1913 5
1914 4
1915 4
1916 4
1917 3
1918 1
1919 7
1920 4
1921 3
1922 5
1923 4
1924 1
1925 3
1926 5
1927 4
1928 4
1929 4
1930 3
1931 3
1932 4
1933 5
1934 5
1935 4
1936 3
1937 5
1938 5
1939 4
1940 3
1941 5
1942 5
1943 3
1944 7
1945 5
1946 3
1947 4
1948 4
1949 4
1950 3
1951 6
1952 4
1953 4
1954 2
1955 7
1956 7
1957 2
1958 3
1959 3
1960 4
1961 7
1962 1
1963 7
1964 1
1965 3
1966 4
1967 1
1968 4
1969 2
1970 4
1971 3
1972 5
1973 3
1974 4
1975 2
1976 6
1977 5
1978 5
1979 2
1980 3
1981 4
1982 5
1983 5
1984 3
1985 3
1986 1
1987 6
1988 5
1989 6
1990 4
1991 5
1992 5
1993 5
1994 5
1995 5
1996 4
1997 4
1998 4
1999 3
2000 5
2001 3
2002 5
2003 3
2004 1
2005 1
2006 1
2007 2
2008 5
2009 7
2010 6
2011 1
2012 1
2013 4
2014 2
2015 1
2016 5
2017 5
2018 2
2019 4
2020 4
2021 4
2022 5
2023 4
2024 4
2025 5
2026 4
2027 2
2028 1
2029 4
2030 3
2031 1
2032 7
2033 4
2034 5
2035 6
2036 1
2037 6
2038 6
2039 3
2040 1
2041 4
2042 4
2043 4
2044 4
2045 7
2046 4
2047 3
2048 6
2049 4
2050 4
2051 2
2052 6
2053 1
2054 1
2055 3
2056 4
2057 6
2058 3
2059 1
2060 6
2061 6
2062 6
2063 5
2064 5
2065 3
2066 1
2067 1
2068 4
2069 5
2070 7
2071 6
2072 4
2073 1
2074 6
2075 6
2076 5
2077 3
2078 5
2079 7
2080 1
2081 5
2082 3
2083 4
2084 4
2085 4
2086 3
2087 3
2088 5
2089 3
2090 4
2091 6
2092 1
2093 4
2094 5
2095 4
2096 7
2097 5
2098 1
2099 1
2100 7
2101 3
2102 3
2103 3
2104 3
2105 4
2106 7
2107 4
2108 5
2109 4
2110 1
2111 3
2112 4
2113 1
2114 5
2115 5
2116 3
2117 4
2118 2
2119 4
2120 4
2121 4
2122 6
2123 6
2124 4
2125 4
2126 7
2127 5
2128 6
2129 4
2130 3
2131 6
2132 7
2133 3
2134 1
2135 4
2136 5
2137 6
2138 5
2139 3
2140 5
2141 1
2142 7
2143 4
2144 5
2145 1
2146 1
2147 4
2148 5
2149 7
2150 2
2151 6
2152 3
2153 5
2154 4
2155 4
2156 1
2157 6
2158 7
2159 5
2160 5
2161 5
2162 4
2163 7
2164 5
2165 3
2166 5
2167 5
2168 1
2169 5
2170 3
2171 7
2172 1
2173 3
2174 2
2175 3
2176 4
2177 3
2178 4
2179 2
2180 1
2181 4
2182 1
2183 2
2184 6
2185 4
2186 4
2187 4
2188 7
2189 7
2190 7
2191 4
2192 3
2193 3
2194 7
2195 7
2196 3
2197 1
2198 1
2199 3
2200 3
2201 4
2202 3
2203 4
2204 3
2205 3
2206 3
2207 2
2208 5
2209 2
2210 1
2211 3
2212 4
2213 7
2214 4
2215 6
2216 3
2217 7
2218 4
2219 5
2220 3
2221 5
2222 2
2223 4
2224 4
2225 1
2226 3
2227 4
2228 4
2229 7
2230 4
2231 6
2232 3
2233 4
2234 5
2235 5
2236 4
2237 3
2238 3
2239 4
2240 7
2241 5
2242 5
2243 4
2244 6
2245 6
2246 1
2247 4
2248 3
2249 3
2250 3
2251 3
2252 3
2253 7
2254 3
2255 3
2256 4
2257 3
2258 4
2259 3
2260 4
2261 3
2262 4
2263 4
2264 3
2265 3
2266 5
2267 3
2268 4
2269 3
2270 4
2271 3
2272 4
2273 1
2274 3
2275 4
2276 6
2277 3
2278 4
2279 4
2280 3
2281 4
2282 7
2283 4
2284 4
2285 5
2286 3
2287 5
2288 5
2289 6
2290 7
2291 7
2292 5
2293 5
2294 6
2295 3
2296 3
2297 1
2298 3
2299 6
2300 7
2301 5
2302 3
2303 6
2304 4
2305 2
2306 4
2307 4
2308 6
2309 2
2310 6
2311 5
2312 7
2313 5
2314 4
2315 1
2316 3
2317 3
2318 5
2319 6
2320 1
2321 4
2322 4
2323 5
2324 1
2325 4
2326 1
2327 1
2328 2
2329 1
2330 3
2331 1
2332 3
2333 1
2334 3
2335 4
2336 4
2337 4
2338 6
2339 7
2340 4
2341 5
2342 1
2343 5
2344 4
2345 1
2346 1
2347 3
2348 5
2349 4
2350 1
2351 4
2352 4
2353 3
2354 1
2355 4
2356 1
2357 4
2358 4
2359 6
2360 1
2361 3
2362 5
2363 3
2364 6
2365 7
2366 5
2367 1
2368 2
2369 6
2370 4
2371 6
2372 6
2373 4
2374 4
2375 5
2376 4
2377 5
2378 4
2379 3
2380 5
2381 4
2382 4
2383 4
2384 5
2385 4
2386 4
2387 4
2388 4
2389 5
2390 4
2391 1
2392 3
2393 4
2394 4
2395 6
2396 3
2397 4
2398 6
2399 6
2400 4
2401 5
2402 3
2403 6
2404 5
2405 4
2406 2
2407 3
2408 2
2409 4
2410 4
2411 2
2412 2
2413 4
2414 4
2415 6
2416 5
2417 5
2418 1
2419 5
2420 5
2421 5
2422 4
2423 1
2424 7
2425 5
2426 7
2427 4
2428 5
2429 3
2430 2
2431 7
2432 2
2433 4
2434 5
2435 4
2436 7
2437 2
2438 4
2439 4
2440 4
2441 7
2442 2
2443 5
2444 2
2445 4
2446 3
2447 6
2448 4
2449 7
2450 7
2451 3
2452 4
2453 2
2454 4
2455 1
2456 5
2457 4
2458 5
2459 4
2460 5
2461 5
2462 5
2463 5
2464 5
2465 6
2466 6
2467 1
2468 5
2469 4
2470 3
2471 6
2472 2
2473 6
2474 5
2475 1
2476 1
2477 4
2478 3
2479 3
2480 2
2481 1
2482 6
2483 1
2484 6
2485 2
2486 4
2487 1
2488 5
2489 6
2490 3
2491 4
2492 5
2493 7
2494 2
2495 1
2496 4
2497 4
2498 4
2499 4
2500 4
2501 4
2502 6
2503 4
2504 3
2505 4
2506 5
2507 4
2508 1
2509 1
2510 5
2511 1
2512 3
2513 4
2514 5
2515 3
2516 3
2517 4
2518 3
2519 3
2520 6
2521 3
2522 4
2523 4
2524 5
2525 5
2526 4
2527 7
2528 1
2529 5
2530 4
2531 5
2532 5
2533 4
2534 7
2535 4
2536 2
2537 4
2538 4
2539 7
2540 4
2541 3
2542 4
2543 5
2544 6
2545 4
2546 5
2547 6
2548 1
2549 4
2550 7
2551 2
2552 4
2553 4
2554 3
2555 1
2556 6
2557 4
2558 5
2559 5
2560 1
2561 5
2562 4
2563 3
2564 3
2565 6
2566 5
2567 4
2568 6
2569 4
2570 4
2571 4
2572 4
2573 5
2574 4
2575 5
2576 4
2577 5
2578 5
2579 4
2580 1
2581 6
2582 4
2583 1
2584 4
2585 6
2586 2
2587 7
2588 5
2589 7
2590 5
2591 7
2592 5
2593 6
2594 4
2595 4
2596 5
2597 6
2598 3
2599 4
2600 3
2601 4
2602 7
2603 4
2604 3
2605 6
2606 4
2607 6
2608 4
2609 7
2610 4
2611 4
2612 4
2613 3
2614 6
2615 4
2616 6
2617 7
2618 1
2619 4
2620 5
2621 4
2622 6
2623 1
2624 3
2625 4
2626 6
2627 1
2628 2
2629 2
2630 3
2631 4
2632 4
2633 1
2634 5
2635 6
2636 7
2637 3
2638 3
2639 4
2640 7
2641 3
2642 4
2643 3
2644 1
2645 6
2646 3
2647 2
2648 4
2649 7
2650 7
2651 1
2652 6
2653 1
2654 5
2655 2
2656 6
2657 1
2658 6
2659 3
2660 5
2661 5
2662 4
2663 7
2664 3
2665 6
2666 2
2667 3
2668 7
2669 5
2670 4
2671 4
2672 4
2673 3
2674 4
2675 1
2676 4
2677 5
2678 4
2679 5
2680 4
2681 4
2682 5
2683 4
2684 4
2685 1
2686 4
2687 2
2688 3
2689 1
2690 1
2691 4
2692 6
2693 5
2694 1
2695 1
2696 1
2697 5
2698 5
2699 5
2700 5
2701 4
2702 3
2703 3
2704 3
2705 3
2706 6
2707 4
